fib <- c(0,1,1,2,3,5,8,13,21,34,55,144,199)
fib[1]
fib[4:7]
fib[c(2,4,8,12)]
fib[fib %% 2 == 0]